[59 62 63 65 67 70]
Is Safe
[20 22 25 28 29 32]
Is Safe
[64 67 68 69 72 74]
Is Safe
[30 31 32 35 36 39]
Is Safe
[98 97 95 93 92 90]
Is Safe
[40 41 42 45 47 49]
Is Safe
[56 58 60 61 64 66 69]
Is Safe
[59 57 55 52 50 48 46]
Is Safe
[30 31 33 36 39]
Is Safe
[44 45 47 49 51 53 55]
Is Safe
[57 59 60 62 64]
Is Safe
[30 28 27 24 22 20]
Is Safe
[85 82 80 77 74]
Is Safe
[36 33 32 30 29 26 24]
Is Safe
[95 94 91 90 89 86]
Is Safe
[27 25 23 22 20 18 17 15]
Is Safe
[57 59 60 63 66 68 69 71]
Is Safe
[58 57 56 53 50 48 45]
Is Safe
[44 46 48 50 53 56]
Is Safe
[58 61 64 65 66 68]
Is Safe
[35 37 40 43 44 45 48 50]
Is Safe
[76 75 74 72 70 68]
Is Safe
[3 5 8 11 14]
Is Safe
[38 37 36 35 34 32 29]
Is Safe
[80 78 77 75 74]
Is Safe
[21 19 17 14 11]
Is Safe
[24 21 20 19 16 13 12 10]
Is Safe
[72 73 74 77 80 81 82 83]
Is Safe
[37 38 41 43 45 46 49 50]
Is Safe
[38 39 41 43 45]
Is Safe
[71 72 73 74 76 77 79]
Is Safe
[41 38 36 35 32 29 27]
Is Safe
[29 32 35 38 40 43 44 46]
Is Safe
[5 8 10 11 14 16 19 22]
Is Safe
[56 59 60 61 63 66 69 70]
Is Safe
[96 93 91 90 89 87]
Is Safe
[84 85 86 88 91]
Is Safe
[41 44 45 46 49]
Is Safe
[57 59 62 64 67 69 71 73]
Is Safe
[77 80 82 85 86 87]
Is Safe
[3 5 6 9 11]
Is Safe
[58 60 63 66 68 70 72]
Is Safe
[34 31 28 27 25 22 20]
Is Safe
[58 57 55 54 52 51 48 45]
Is Safe
[26 25 24 21 20]
Is Safe
[43 46 47 49 50 52 54]
Is Safe
[23 24 25 28 30 31]
Is Safe
[21 24 25 26 28 30 31]
Is Safe
[37 34 33 31 29 26]
Is Safe
[42 39 37 34 32 31 28 25]
Is Safe
[30 27 26 23 22 19]
Is Safe
[29 28 27 24 23 20 19 17]
Is Safe
[89 88 85 82 80]
Is Safe
[75 73 71 69 67 65 63 61]
Is Safe
[68 66 64 63 62 59]
Is Safe
[68 69 72 74 77]
Is Safe
[47 46 43 41 39 38 36 35]
Is Safe
[2 5 6 7 8 11]
Is Safe
[73 74 76 77 79 82]
Is Safe
[20 19 16 13 12 10 8]
Is Safe
[41 40 37 36 33 31 29]
Is Safe
[25 22 21 18 15 14 11 8]
Is Safe
[67 68 69 71 74 75 78 80]
Is Safe
[18 19 21 23 24 25 28 31]
Is Safe
[33 30 28 26 24 23]
Is Safe
[77 75 73 72 69 67]
Is Safe
[65 62 61 60 57 54]
Is Safe
[25 22 19 16 15]
Is Safe
[67 64 63 61 60 58]
Is Safe
[26 27 30 33 36 39]
Is Safe
[62 61 59 57 55 52 50 49]
Is Safe
[16 15 13 11 10 8 7]
Is Safe
[29 32 33 34 36]
Is Safe
[56 54 53 51 48 46 45]
Is Safe
[36 34 32 30 27]
Is Safe
[43 46 49 50 53 56]
Is Safe
[62 59 56 53 51]
Is Safe
[14 13 12 11 10 9 8]
Is Safe
[58 61 62 64 67]
Is Safe
[12 15 17 18 20 22 24]
Is Safe
[23 25 28 29 32]
Is Safe
[24 21 19 16 15 13 12 9]
Is Safe
[52 53 54 56 57 60 61 63]
Is Safe
[73 75 78 80 83 85 88 89]
Is Safe
[7 9 11 14 16]
Is Safe
[41 43 45 47 50 51]
Is Safe
[6 9 12 15 17 18 19 21]
Is Safe
[22 24 26 28 31 32 34 35]
Is Safe
[19 18 17 15 13 11]
Is Safe
[86 84 81 79 77 74 73 72]
Is Safe
[51 53 56 57 59 61]
Is Safe
[21 24 27 30 31 34 35 36]
Is Safe
[48 51 53 55 57 58]
Is Safe
[12 14 15 18 20 22 23 26]
Is Safe
[44 47 49 52 55 57]
Is Safe
[89 86 83 81 79 78 75 72]
Is Safe
[91 88 85 83 81 79 76]
Is Safe
[82 80 79 77 75 73 72]
Is Safe
[81 78 77 74 71 70 68]
Is Safe
[52 50 49 48 45 43]
Is Safe
[46 44 43 40 39 38 37]
Is Safe
[75 78 80 81 83]
Is Safe
[42 39 36 35 33 32]
Is Safe
[81 80 79 76 75 73 70 67]
Is Safe
[78 81 84 87 88 91 93]
Is Safe
[57 60 62 63 65 68 69]
Is Safe
[55 56 59 61 63 66]
Is Safe
[61 60 57 56 54 51]
Is Safe
[21 18 15 12 9 7 4]
Is Safe
[49 52 55 56 57]
Is Safe
[85 88 89 90 92 93 96]
Is Safe
[74 72 69 68 65 63 60]
Is Safe
[81 83 85 86 89 92 95]
Is Safe
[53 51 50 47 45]
Is Safe
[13 11 10 9 8]
Is Safe
[37 35 34 32 30 28 27]
Is Safe
[21 20 19 17 14 11 9]
Is Safe
[22 21 20 17 14 11 9]
Is Safe
[37 39 41 42 45]
Is Safe
[54 53 50 48 46 44 42]
Is Safe
[56 53 51 50 48 46 43]
Is Safe
[70 72 73 76 78 80]
Is Safe
[54 52 49 46 43]
Is Safe
[48 51 52 55 56 59 61 63]
Is Safe
[23 26 27 30 33 36 37]
Is Safe
[74 77 78 81 83]
Is Safe
[20 21 24 26 29 31]
Is Safe
[45 48 49 50 52 54]
Is Safe
[16 18 20 22 23 25]
Is Safe
[75 72 71 70 68 67 64]
Is Safe
[85 88 89 91 93 95 97 99]
Is Safe
[17 16 13 11 8 6 3 2]
Is Safe
[49 46 45 44 42 40]
Is Safe
[82 84 87 90 92 94 97]
Is Safe
[14 15 16 17 20]
Is Safe
[47 44 43 42 39]
Is Safe
[18 15 12 10 9]
Is Safe
[42 41 38 36 34 31]
Is Safe
[48 50 53 54 55]
Is Safe
[75 72 70 68 67 64 61]
Is Safe
[30 28 26 24 22 21]
Is Safe
[3 4 6 7 8]
Is Safe
[35 33 30 29 26 24 23 20]
Is Safe
[75 76 79 80 82]
Is Safe
[85 84 81 80 79 78 77]
Is Safe
[69 68 65 62 61 59]
Is Safe
[58 59 60 61 63 66]
Is Safe
[48 51 53 55 57]
Is Safe
[1 2 5 6 8 11 14 15]
Is Safe
[58 59 60 61 63 65 66 69]
Is Safe
[76 73 70 67 65 64 63]
Is Safe
[25 26 27 30 32 35]
Is Safe
[96 94 91 88 86 84 83]
Is Safe
[85 84 81 80 78]
Is Safe
[39 41 44 45 47]
Is Safe
[30 29 28 25 24 22 19 17]
Is Safe
[11 10 7 4 3]
Is Safe
[25 28 30 32 35 36]
Is Safe
[81 83 85 87 88 91 93]
Is Safe
[34 35 37 39 41]
Is Safe
[81 80 79 77 74]
Is Safe
[23 25 26 29 32 34]
Is Safe
[3 4 6 9 11]
Is Safe
[3 6 8 10 12]
Is Safe
[26 29 31 34 35 36 39 40]
Is Safe
[63 65 67 70 72 73 75 77]
Is Safe
[53 56 58 59 62 63 65 68]
Is Safe
[81 83 86 89 92 94 96]
Is Safe
[53 54 56 57 59 60]
Is Safe
[84 82 81 79 78 76 75 74]
Is Safe
[42 43 46 48 51]
Is Safe
[64 66 68 70 72 73 76]
Is Safe
[44 45 46 49 52 54]
Is Safe
[45 46 48 50 51 53]
Is Safe
[51 48 45 42 41 40 38]
Is Safe
[89 88 86 85 83]
Is Safe
[51 50 47 45 44]
Is Safe
[58 61 64 65 67]
Is Safe
[47 50 52 53 54 56 58 59]
Is Safe
[38 37 36 33 32 29]
Is Safe
[29 32 35 36 38 40 43 46]
Is Safe
[39 40 43 45 47 50]
Is Safe
[24 21 20 17 14 13 10]
Is Safe
[59 57 54 53 51 50 49]
Is Safe
[71 68 65 64 61 59 56 53]
Is Safe
[54 57 59 60 61 64 65 68]
Is Safe
[26 27 29 32 35 37]
Is Safe
[22 21 19 18 17]
Is Safe
[55 58 59 60 63 65 67]
Is Safe
[82 80 79 77 76]
Is Safe
[75 73 70 69 68]
Is Safe
[64 67 68 69 72 74 75]
Is Safe
[50 47 46 44 42]
Is Safe
[83 82 79 77 76 73 70 67]
Is Safe
[17 19 22 25 27 28]
Is Safe
[68 67 64 62 59]
Is Safe
[3 6 8 9 10]
Is Safe
[60 62 63 65 67 70 72]
Is Safe
[46 45 42 41 40]
Is Safe
[79 78 77 76 74 71 69]
Is Safe
[23 25 26 27 30 33 35 38]
Is Safe
[87 84 82 80 77]
Is Safe
[21 18 16 15 12 9 6]
Is Safe
[73 75 77 80 81 84]
Is Safe
[25 28 31 32 34]
Is Safe
[74 73 70 68 65 62 59]
Is Safe
[74 71 69 66 63 62 59]
Is Safe
[87 88 89 91 92]
Is Safe
[3 6 9 10 11 14 16]
Is Safe
[20 22 24 26 28 30]
Is Safe
[63 66 68 71 74 75 76 77]
Is Safe
[92 89 87 85 83 82 79]
Is Safe
[27 30 31 34 35 38]
Is Safe
[45 48 51 53 54 55 58]
Is Safe
[78 77 75 73 71 68 66 64]
Is Safe
[83 86 87 90 92 94 95 98]
Is Safe
[49 48 47 45 43 42 41]
Is Safe
[64 63 61 60 57 54]
Is Safe
[19 21 23 25 27 28]
Is Safe
[15 14 13 11 10 8]
Is Safe
[46 48 50 53 55]
Is Safe
[18 16 15 14 12 9]
Is Safe
[55 56 57 59 60 62 64 66]
Is Safe
[28 31 34 35 36 39 40]
Is Safe
[11 12 15 16 19]
Is Safe
[30 27 26 25 22]
Is Safe
[46 47 48 51 52 55]
Is Safe
[71 72 74 76 79 82 85 88]
Is Safe
[42 41 39 37 35 32 31 28]
Is Safe
[67 64 61 60 57]
Is Safe
[38 35 32 29 26]
Is Safe
[28 29 30 31 32 35 37 39]
Is Safe
[35 36 39 40 41 43 45]
Is Safe
[52 50 48 46 45 43]
Is Safe
[76 79 80 81 83 84 85]
Is Safe
[29 28 27 24 22 20]
Is Safe
[64 63 61 59 56 55]
Is Safe
[80 78 77 75 73 71]
Is Safe
[94 92 89 88 86]
Is Safe
[7 8 10 12 14 16]
Is Safe
[3 4 7 10 13 14 17]
Is Safe
[1 3 5 6 7]
Is Safe
[47 46 45 44 41 38]
Is Safe
[50 53 54 56 58 59 62]
Is Safe
[88 87 86 84 82 79]
Is Safe
[69 70 72 75 77 80 82 83]
Is Safe
[89 87 86 84 82 81]
Is Safe
[4 7 9 11 13]
Is Safe
[71 74 76 78 80 83 85]
Is Safe
[95 92 90 87 86 85]
Is Safe
[30 27 24 22 19]
Is Safe
[59 57 54 53 52]
Is Safe
[79 82 83 86 87 88 89 92]
Is Safe
[61 58 55 52 50 48 46 43]
Is Safe
[57 59 62 63 66 68 71 74]
Is Safe
[58 60 63 64 66 69]
Is Safe
[19 22 24 25 27 29 31]
Is Safe
[81 79 78 76 73 72]
Is Safe
[26 24 23 20 18 15 12]
Is Safe
[57 60 63 64 65 67 70]
Is Safe
[49 47 45 42 41 39 37]
Is Safe
[15 13 11 9 7 5]
Is Safe
[52 50 47 44 43 42 39]
Is Safe
[39 36 34 33 31]
Is Safe
[34 36 38 41 42 45 48]
Is Safe
[74 76 79 81 84 87]
Is Safe
[35 38 39 41 42 44 47 49]
Is Safe
[24 27 29 31 33 36 39]
Is Safe
[19 20 21 23 26]
Is Safe
[93 90 87 86 83]
Is Safe
[75 73 72 71 68 67 65]
Is Safe
[81 82 83 84 87 89 92]
Is Safe
[44 45 47 48 50 52 53 54]
Is Safe
[59 57 54 52 49 46 44]
Is Safe
[46 43 42 41 39]
Is Safe
[97 96 93 90 88 85 84]
Is Safe
[5 7 8 11 13]
Is Safe
[56 55 53 52 51 49 46 44]
Is Safe
[85 83 80 79 78 76]
Is Safe
[51 48 47 46 45]
Is Safe
[66 64 61 58 57 56 55]
Is Safe
[44 43 42 39 37 35 32 30]
Is Safe
[11 12 13 16 17 18 21 24]
Is Safe
[35 38 40 42 45 46 49]
Is Safe
[34 37 40 43 45 47 49 51]
Is Safe
[68 71 73 76 79]
Is Safe
[90 88 85 84 82 81 80 77]
Is Safe
[33 34 35 36 39 41 44]
Is Safe
[15 16 19 21 23 25 28]
Is Safe
[59 58 56 55 52 49 48 45]
Is Safe
[36 35 34 32 31 28 25 22]
Is Safe
[42 41 38 35 32 29 27]
Is Safe
[91 90 89 87 85]
Is Safe
[16 14 13 12 10 7 6]
Is Safe
[75 76 79 82 83 86]
Is Safe
[76 75 74 71 69 67]
Is Safe
[22 25 26 29 30 32 33]
Is Safe
[28 27 25 24 23 22 19]
Is Safe
[60 61 64 67 70]
Is Safe
[79 76 74 71 69 67 65]
Is Safe
[27 30 33 36 37 38 39]
Is Safe
[19 17 16 14 11 10 9 7]
Is Safe
[28 30 31 33 34 37 39]
Is Safe
[65 62 60 57 56]
Is Safe
[86 83 80 77 75 73 70]
Is Safe
[85 84 81 80 79 78 76]
Is Safe
[25 23 21 18 15 14 11 8]
Is Safe
[34 32 29 26 24]
Is Safe
[32 33 36 39 40 42]
Is Safe
[75 72 70 68 65 63 60]
Is Safe
[19 22 23 26 27 28 29]
Is Safe
[98 95 93 90 88 85 83 80]
Is Safe
[96 93 92 90 89]
Is Safe
[54 53 52 49 48]
Is Safe
[48 50 52 53 55 56]
Is Safe
[19 20 22 23 26]
Is Safe
[71 68 65 64 63 62]
Is Safe
[16 14 13 11 9]
Is Safe
[82 85 86 89 90 93]
Is Safe
[83 85 86 88 91]
Is Safe
[32 33 35 38 41]
Is Safe
[43 46 47 50 51]
Is Safe
[26 27 30 32 35 38 39]
Is Safe
[25 23 20 17 15 13]
Is Safe
[29 31 34 35 36 39 40]
Is Safe
[88 87 85 84 83 82 80 78]
Is Safe
[43 45 46 47 49 52]
Is Safe
[19 22 25 27 30 33 34]
Is Safe
[51 52 54 55 57 59 62 65]
Is Safe
[19 16 13 11 9 8 7 4]
Is Safe
[3 5 7 9 10 13 16]
Is Safe
[70 67 65 62 61 60 59 58]
Is Safe
[53 56 58 59 61 64 65]
Is Safe
[60 58 55 52 50 48 45 44]
Is Safe
[24 25 28 30 33 36 38]
Is Safe
[25 28 29 32 34]
Is Safe
[3 5 7 9 11 14]
Is Safe
[71 73 74 75 77]
Is Safe
[69 71 72 75 78]
Is Safe
[6 7 10 11 14 17]
Is Safe
[10 12 14 16 19 22 24]
Is Safe
[51 49 46 45 44 43 40 39]
Is Safe
[22 20 17 15 14 11]
Is Safe
[67 70 72 74 75]
Is Safe
[38 41 44 45 46 48 49 52]
Is Safe
[77 80 83 85 87]
Is Safe
[29 30 33 35 38 39]
Is Safe
[23 24 25 28 31 34 37 38]
Is Safe
[24 23 20 17 16 13 10]
Is Safe
[91 88 85 82 80]
Is Safe
[13 16 19 22 23 26 29]
Is Safe
[17 20 23 25 26 28 30 31]
Is Safe
[4 5 6 8 11 14 16]
Is Safe
[63 65 66 68 70 73 75]
Is Safe
[19 16 14 12 10 9 6 5]
Is Safe
[40 41 43 46 47 50 52 53]
Is Safe
[38 41 42 43 46]
Is Safe
[58 56 54 53 52 51 49]
Is Safe
[4 7 8 9 12 14 15 18]
Is Safe
[55 56 57 60 63 64 65 66]
Is Safe
[40 39 36 34 32 31 30 28]
Is Safe
[52 54 56 57 58 60]
Is Safe
[50 49 48 46 43 42]
Is Safe
[15 12 11 9 6 4]
Is Safe
[+] There are 364 Safe Records